Matrix 1
[1, 2, 3]
[4, 5, 6]
[7, 8, 9]

Matrix 2
[1, 2, 3]
[4, 5, 6]
[7, 8, 9]

Adding Mat1 and Mat2
[2, 4, 6]
[8, 10, 12]
[14, 16, 18]

Subtracting Mat1 and Mat2
[0, 0, 0]
[0, 0, 0]
[0, 0, 0]

Multiplying Mat1 and Mat2
[30, 36, 42]
[66, 81, 96]
[102, 126, 150]

Multiplying Mat1 by 10
[10, 20, 30]
[40, 50, 60]
[70, 80, 90]

Identity Matrice
[1, 0, 0]
[0, 1, 0]
[0, 0, 1]

Transpose of Mat1
[1, 4, 7]
[2, 5, 8]
[3, 6, 9]

Multiplying Identity Mat of size 3 by 7
[7, 0, 0]
[0, 7, 0]
[0, 0, 7]